 T
                    1
                    1
                    5                    0
                    7                    0
                    0                    0
                    0                    0
                   10                    0

  0.48518047905704897     
   0.0000000000000000     
   0.0000000000000000     
   0.0000000000000000     
   0.0000000000000000     
   0.0000000000000000     
   0.0000000000000000     
   0.0000000000000000     
   0.0000000000000000     
   0.0000000000000000     
   1.0000000000000000     
   0.0000000000000000     
